false pos | avg build time | avg query time

--------------- 6945 ---------------
 0.0001   | 11.8902        | 3.9005
 0.001    | 11.5386        | 3.8356
 0.01     | 10.4982        | 3.3097
 0.1      | 13.9119        | 4.5300
 0.25     | 12.2697        | 3.5712
 0.5      | 11.3518        | 3.2168
 0.75     | 11.7447        | 3.1699

--------------- 9045 ---------------
 0.0001   | 10.3265        | 3.6923
 0.001    | 9.9190         | 3.6885
 0.01     | 9.3511         | 3.3034
 0.1      | 12.1359        | 4.1866
 0.25     | 10.1959        | 3.3310
 0.5      | 9.4699         | 3.0067
 0.75     | 8.8603         | 2.8679
