Dataset      | Target FPR   | Runs Found | Avg Actual FPR
-------------+--------------+------------+-----------------
000006945    | 0.0001       | 3          | 0.000063
000006945    | 0.001        | 3          | 0.000982
000006945    | 0.01         | 3          | 0.007811
000006945    | 0.1          | 3          | 0.062537
000006945    | 0.25         | 3          | 0.249959
000006945    | 0.5          | 3          | 0.500057
000006945    | 0.75         | 3          | 0.499840
000009045    | 0.0001       | 3          | 0.000061
000009045    | 0.001        | 3          | 0.000992
000009045    | 0.01         | 3          | 0.007770
000009045    | 0.1          | 3          | 0.062470
000009045    | 0.25         | 3          | 0.250012
000009045    | 0.5          | 3          | 0.499847
000009045    | 0.75         | 3          | 0.500107
data1        | 0.0001       | 6          | 0.000000
data1        | 0.001        | 6          | 0.001000
data1        | 0.01         | 6          | 0.009000
data1        | 0.1          | 6          | 0.062333
data1        | 0.25         | 6          | 0.258000
data1        | 0.5          | 6          | 0.520667
data1        | 0.75         | 6          | 0.488667
data2        | 0.0001       | 6          | 0.000067
data2        | 0.001        | 6          | 0.001067
data2        | 0.01         | 6          | 0.008133
data2        | 0.1          | 6          | 0.064600
data2        | 0.25         | 6          | 0.246233
data2        | 0.5          | 6          | 0.496567
data2        | 0.75         | 6          | 0.504933
