Dataset      | Target FPR | Runs | Avg Build Time | Avg Query Time
-------------+------------+------+----------------+----------------
6945         | 0.0001     | 3    | 11.8902        | 3.9005
6945         | 0.001      | 3    | 11.5386        | 3.8356
6945         | 0.01       | 3    | 10.4982        | 3.3097
6945         | 0.1        | 3    | 13.9119        | 4.5300
6945         | 0.25       | 3    | 12.2697        | 3.5712
6945         | 0.5        | 3    | 11.3518        | 3.2168
6945         | 0.75       | 3    | 11.7447        | 3.1699
9045         | 0.0001     | 3    | 10.3265        | 3.6923
9045         | 0.001      | 3    | 9.9190         | 3.6885
9045         | 0.01       | 3    | 9.3511         | 3.3034
9045         | 0.1        | 3    | 12.1359        | 4.1866
9045         | 0.25       | 3    | 10.1959        | 3.3310
9045         | 0.5        | 3    | 9.4699         | 3.0067
9045         | 0.75       | 3    | 8.8603         | 2.8679
data1        | 0.0001     | 3    | .2384          | .1605
data1        | 0.001      | 3    | .2428          | .1608
data1        | 0.01       | 3    | .2271          | .1562
data1        | 0.1        | 3    | .2576          | .1669
data1        | 0.25       | 3    | .2487          | .1610
data1        | 0.5        | 3    | .2302          | .1588
data1        | 0.75       | 3    | .2401          | .1572
data2        | 0.0001     | 3    | .3509          | .2515
data2        | 0.001      | 3    | .4460          | .2339
data2        | 0.01       | 3    | .3211          | .2032
data2        | 0.1        | 3    | .3785          | .2230
data2        | 0.25       | 3    | .3427          | .2111
data2        | 0.5        | 3    | .3212          | .2021
data2        | 0.75       | 3    | .3214          | .2027
