
Dataset      | Target FPR   | # of Runs  | Avg Actual FPR 
-------------+--------------+------------+-----------------
000006945    | 0.0001       | 3          | 0.000061
000006945    | 0.001        | 3          | 0.000975
000006945    | 0.01         | 3          | 0.007798
000006945    | 0.1          | 3          | 0.062557
000006945    | 0.25         | 3          | 0.249904
000006945    | 0.5          | 3          | 0.499971
000006945    | 0.75         | 3          | 0.499689
data2        | 0.0001       | 3          | 0.000200
data2        | 0.001        | 3          | 0.001133
data2        | 0.01         | 3          | 0.007267
data2        | 0.1          | 3          | 0.061800
data2        | 0.25         | 3          | 0.253733
data2        | 0.5          | 3          | 0.507933
data2        | 0.75         | 3          | 0.500467
