
Dataset      | Target FPR   | # of Runs  | Avg Actual FPR 
-------------+--------------+------------+-----------------
000006945    | 0.0001       | 3          | 0.000037
000006945    | 0.001        | 3          | 0.000570
000006945    | 0.01         | 3          | 0.004750
000006945    | 0.1          | 3          | 0.037195
000006945    | 0.25         | 3          | 0.140421
000006945    | 0.5          | 3          | 0.252035
000006945    | 0.75         | 3          | 0.252035
data2        | 0.0001       | 3          | 0.000000
data2        | 0.001        | 3          | 0.000600
data2        | 0.01         | 3          | 0.006800
data2        | 0.1          | 3          | 0.043400
data2        | 0.25         | 3          | 0.156200
data2        | 0.5          | 3          | 0.280400
data2        | 0.75         | 3          | 0.280400
