
Dataset      | Target FPR   | # of Runs  | Avg Actual FPR 
-------------+--------------+------------+-----------------
000006945    | 0.0001       | 3          | 0.000000
000006945    | 0.001        | 3          | 0.000000
000006945    | 0.01         | 3          | 0.000000
000006945    | 0.1          | 3          | 0.000000
000006945    | 0.25         | 3          | 0.000000
000006945    | 0.5          | 3          | 0.000000
000006945    | 0.75         | 3          | 0.000000
data2        | 0.0001       | 3          | 0.000000
data2        | 0.001        | 3          | 0.000000
data2        | 0.01         | 3          | 0.000000
data2        | 0.1          | 3          | 0.000000
data2        | 0.25         | 3          | 0.000000
data2        | 0.5          | 3          | 0.000000
data2        | 0.75         | 3          | 0.000000
